0 0.443229 0.560185 0.048958 0.087037
0 0.463542 0.060185 0.050000 0.088889
0 0.615104 0.160185 0.051042 0.090741
0 0.404167 0.623148 0.048958 0.087037
0 0.452083 0.234259 0.048958 0.087037
0 0.205208 0.426852 0.051042 0.090741
0 0.292708 0.148148 0.050000 0.088889
0 0.386458 0.090741 0.048958 0.087037
0 0.548438 0.404630 0.051042 0.090741
0 0.222917 0.576852 0.050000 0.088889
0 0.483333 0.158333 0.047917 0.085185
0 0.377604 0.397222 0.048958 0.087037
0 0.613021 0.371296 0.050000 0.088889
0 0.343229 0.479630 0.048958 0.087037
0 0.144271 0.370370 0.051042 0.090741
0 0.496354 0.404630 0.051042 0.090741
0 0.268229 0.354630 0.050000 0.088889
0 0.352604 0.170370 0.050000 0.088889
0 0.363542 0.302778 0.046875 0.083333
0 0.531771 0.265741 0.044792 0.079630
0 0.195833 0.087037 0.051042 0.090741
0 0.619271 0.281481 0.050000 0.088889
0 0.398438 0.217593 0.048958 0.087037
0 0.573438 0.097222 0.045833 0.081481
0 0.091146 0.532407 0.045833 0.081481
0 0.258854 0.253704 0.045833 0.081481
0 0.502083 0.545370 0.048958 0.087037
0 0.279687 0.473148 0.046875 0.083333
0 0.616667 0.528704 0.051042 0.090741
0 0.543229 0.490741 0.048958 0.087037
0 0.269792 0.637037 0.051042 0.090741
0 0.590104 0.451852 0.048958 0.087037
0 0.485938 0.317593 0.048958 0.087037
0 0.340104 0.051852 0.046875 0.083333
0 0.385937 0.525926 0.044792 0.079630
0 0.182292 0.637963 0.050000 0.088889
0 0.417708 0.451852 0.044792 0.079630
0 0.418229 0.306481 0.048958 0.087037
0 0.515104 0.075000 0.048958 0.087037
0 0.571354 0.321296 0.048958 0.087037
0 0.355729 0.598148 0.051042 0.090741
0 0.247917 0.098148 0.051042 0.090741
0 0.322917 0.251852 0.046875 0.083333
0 0.561979 0.575000 0.048958 0.087037
0 0.465104 0.482407 0.042708 0.075926
0 0.447396 0.381481 0.045833 0.081481
0 0.094271 0.365741 0.045833 0.081481
0 0.191667 0.265741 0.051042 0.090741
0 0.430729 0.139815 0.046875 0.083333
0 0.321354 0.362963 0.045833 0.081481
0 0.316667 0.665741 0.051042 0.090741
0 0.532292 0.652778 0.050000 0.088889
0 0.161979 0.474074 0.045833 0.081481
0 0.027604 0.502778 0.048958 0.087037
0 0.613021 0.614815 0.046875 0.083333
0 0.533854 0.170370 0.046875 0.083333
0 0.308854 0.549074 0.046875 0.083333
0 0.482292 0.625000 0.045833 0.081481
0 0.140104 0.075000 0.051042 0.090741
0 0.613542 0.029630 0.044792 0.079630
0 0.556771 0.003704 0.051042 0.090741
0 0.285938 0.025926 0.045833 0.081481