0 0.092708 0.413889 0.051042 0.090741
0 0.343229 0.523148 0.048958 0.087037
0 0.248958 0.147222 0.044792 0.079630
0 0.193229 0.309259 0.046875 0.083333
0 0.378646 0.442593 0.048958 0.087037
0 0.388021 0.571296 0.048958 0.087037
0 0.283854 0.073148 0.046875 0.083333
0 0.324479 0.298148 0.050000 0.088889
0 0.354687 0.642593 0.048958 0.087037
0 0.227604 0.052778 0.051042 0.090741
0 0.433854 0.186111 0.051042 0.090741
0 0.090104 0.581481 0.050000 0.088889
0 0.563542 0.619444 0.048958 0.087037
0 0.448958 0.425000 0.048958 0.087037
0 0.352083 0.215741 0.046875 0.083333
0 0.618229 0.574074 0.051042 0.090741
0 0.616146 0.208333 0.051042 0.090741
0 0.205208 0.470370 0.050000 0.088889
0 0.142708 0.123148 0.046875 0.083333
0 0.496354 0.448148 0.051042 0.090741
0 0.590104 0.497222 0.050000 0.088889
0 0.292187 0.197222 0.048958 0.087037
0 0.495833 0.030556 0.050000 0.088889
0 0.397917 0.262037 0.045833 0.081481
0 0.619792 0.329630 0.050000 0.088889
0 0.369271 0.350926 0.043750 0.077778
0 0.339583 0.108333 0.051042 0.090741
0 0.463542 0.112037 0.051042 0.090741
0 0.534896 0.219444 0.048958 0.087037
0 0.483854 0.207407 0.047917 0.085185
0 0.270313 0.397222 0.045833 0.081481
0 0.452604 0.282407 0.050000 0.088889
0 0.544271 0.532407 0.050000 0.088889
0 0.319271 0.409259 0.048958 0.087037
0 0.280208 0.517593 0.046875 0.083333
0 0.385417 0.139815 0.051042 0.090741
0 0.613542 0.415741 0.048958 0.087037
0 0.197396 0.135185 0.051042 0.090741
0 0.488021 0.360185 0.051042 0.090741
0 0.571354 0.154630 0.051042 0.090741
0 0.468229 0.523148 0.047917 0.085185
0 0.555729 0.051852 0.050000 0.088889
0 0.529167 0.313889 0.048958 0.087037
0 0.442188 0.603704 0.046875 0.083333
0 0.546354 0.442593 0.044792 0.079630
0 0.517188 0.125926 0.050000 0.088889
0 0.143229 0.408333 0.045833 0.081481
0 0.261458 0.301852 0.048958 0.087037
0 0.420312 0.500926 0.051042 0.090741
0 0.418229 0.351852 0.047917 0.085185
0 0.309896 0.592593 0.046875 0.083333
0 0.502083 0.586111 0.048958 0.087037
0 0.377083 0.010185 0.046875 0.083333
0 0.223438 0.617593 0.045833 0.081481
0 0.572917 0.358333 0.046875 0.083333
0 0.159896 0.514815 0.045833 0.081481
0 0.616667 0.082407 0.050000 0.088889
0 0.611979 0.663889 0.048958 0.087037
0 0.573438 0.274074 0.042708 0.075926
0 0.402604 0.664815 0.045833 0.081481