0 0.418229 0.260185 0.048958 0.087037
0 0.571354 0.046296 0.045833 0.081481
0 0.611979 0.575000 0.050000 0.088889
0 0.386979 0.485185 0.048958 0.087037
0 0.482812 0.108333 0.050000 0.088889
0 0.386458 0.040741 0.048958 0.087037
0 0.618229 0.236111 0.050000 0.088889
0 0.204167 0.378704 0.046875 0.083333
0 0.291667 0.098148 0.050000 0.088889
0 0.515104 0.025926 0.050000 0.088889
0 0.615104 0.109259 0.050000 0.088889
0 0.448437 0.337963 0.048958 0.087037
0 0.561979 0.531481 0.048958 0.087037
0 0.192708 0.221296 0.048958 0.087037
0 0.247396 0.049074 0.051042 0.090741
0 0.495833 0.360185 0.051042 0.090741
0 0.430729 0.090741 0.048958 0.087037
0 0.613021 0.329630 0.050000 0.088889
0 0.322917 0.207407 0.048958 0.087037
0 0.342708 0.435185 0.048958 0.087037
0 0.616146 0.484259 0.051042 0.090741
0 0.570312 0.275000 0.048958 0.087037
0 0.466667 0.431481 0.044792 0.079630
0 0.355729 0.121296 0.043750 0.077778
0 0.533333 0.607407 0.051042 0.090741
0 0.269792 0.592593 0.051042 0.090741
0 0.527604 0.218519 0.047917 0.085185
0 0.376563 0.352778 0.048958 0.087037
0 0.161979 0.430556 0.044792 0.079630
0 0.548438 0.356481 0.050000 0.088889
0 0.317708 0.320370 0.048958 0.087037
0 0.443229 0.514815 0.048958 0.087037
0 0.089583 0.489815 0.046875 0.083333
0 0.259896 0.209259 0.045833 0.081481
0 0.318229 0.619444 0.051042 0.090741
0 0.502083 0.499074 0.050000 0.088889
0 0.450521 0.185185 0.046875 0.083333
0 0.264583 0.308333 0.043750 0.077778
0 0.397396 0.169444 0.051042 0.090741
0 0.364583 0.260185 0.048958 0.087037
0 0.279167 0.425000 0.044792 0.079630
0 0.588542 0.408333 0.046875 0.083333
0 0.143229 0.325000 0.051042 0.090741
0 0.420312 0.410185 0.051042 0.090741
0 0.181771 0.593519 0.050000 0.088889
0 0.222917 0.531481 0.048958 0.087037
0 0.575521 0.178704 0.051042 0.090741
0 0.545312 0.447222 0.044792 0.079630
0 0.486979 0.271296 0.051042 0.090741
0 0.532292 0.121296 0.045833 0.081481
0 0.406771 0.575926 0.043750 0.077778
0 0.442188 0.637037 0.047917 0.085185
0 0.482292 0.581481 0.046875 0.083333
0 0.355208 0.554630 0.051042 0.090741
0 0.195312 0.036111 0.051042 0.090741
0 0.093229 0.319444 0.044792 0.079630
0 0.308333 0.501852 0.044792 0.079630
0 0.360417 0.665741 0.050000 0.088889
0 0.144271 0.025926 0.046875 0.083333