0 0.320833 0.498148 0.048958 0.087037
0 0.598437 0.087963 0.051042 0.090741
0 0.613542 0.504630 0.050000 0.088889
0 0.247917 0.240741 0.048958 0.087037
0 0.330729 0.062037 0.051042 0.090741
0 0.283333 0.173148 0.048958 0.087037
0 0.269792 0.487963 0.048958 0.087037
0 0.344792 0.610185 0.048958 0.087037
0 0.433333 0.279630 0.045833 0.081481
0 0.193229 0.401852 0.048958 0.087037
0 0.183854 0.089815 0.051042 0.090741
0 0.468229 0.612963 0.048958 0.087037
0 0.485938 0.303704 0.051042 0.090741
0 0.617708 0.414815 0.044792 0.079630
0 0.403646 0.354630 0.043750 0.077778
0 0.530208 0.051852 0.051042 0.090741
0 0.486979 0.449074 0.048958 0.087037
0 0.617188 0.301852 0.050000 0.088889
0 0.591667 0.584259 0.048958 0.087037
0 0.467187 0.209259 0.048958 0.087037
0 0.143229 0.224074 0.050000 0.088889
0 0.229167 0.146296 0.046875 0.083333
0 0.376042 0.108333 0.051042 0.090741
0 0.293229 0.287963 0.050000 0.088889
0 0.421354 0.439815 0.046875 0.083333
0 0.197917 0.230556 0.051042 0.090741
0 0.451042 0.082407 0.050000 0.088889
0 0.281771 0.606481 0.046875 0.083333
0 0.452604 0.371296 0.050000 0.088889
0 0.617188 0.179630 0.045833 0.081481
0 0.370312 0.437963 0.044792 0.079630
0 0.498437 0.132407 0.050000 0.088889
0 0.576042 0.362963 0.045833 0.081481
0 0.517188 0.223148 0.050000 0.088889
0 0.557292 0.156481 0.050000 0.088889
0 0.574479 0.249074 0.046875 0.083333
0 0.340104 0.204630 0.044792 0.079630
0 0.355208 0.309259 0.046875 0.083333
0 0.144792 0.500926 0.048958 0.087037
0 0.532292 0.400926 0.044792 0.079630
0 0.573958 0.450926 0.044792 0.079630
0 0.548438 0.531481 0.046875 0.083333
0 0.093229 0.500926 0.050000 0.088889
0 0.498958 0.532407 0.046875 0.083333
0 0.207292 0.560185 0.051042 0.090741
0 0.326562 0.387037 0.048958 0.087037
0 0.161979 0.608333 0.050000 0.088889
0 0.533333 0.309259 0.046875 0.083333
0 0.385417 0.236111 0.051042 0.090741
0 0.260937 0.391667 0.046875 0.083333
0 0.544271 0.620370 0.046875 0.083333
0 0.379167 0.528704 0.047917 0.085185
0 0.448437 0.512963 0.046875 0.083333
0 0.420833 0.584259 0.045833 0.081481
0 0.388542 0.660185 0.047917 0.085185