0 0.386979 0.282407 0.050000 0.088889
0 0.453646 0.414815 0.048958 0.087037
0 0.332813 0.112963 0.051042 0.090741
0 0.530208 0.103704 0.050000 0.088889
0 0.355208 0.354630 0.048958 0.087037
0 0.185938 0.137037 0.048958 0.087037
0 0.269792 0.532407 0.048958 0.087037
0 0.423438 0.484259 0.043750 0.077778
0 0.530208 0.445370 0.048958 0.087037
0 0.376563 0.157407 0.050000 0.088889
0 0.549479 0.576852 0.048958 0.087037
0 0.268229 0.048148 0.050000 0.088889
0 0.294271 0.332407 0.050000 0.088889
0 0.338021 0.250926 0.050000 0.088889
0 0.620313 0.459259 0.050000 0.088889
0 0.229167 0.192593 0.046875 0.083333
0 0.142187 0.269444 0.051042 0.090741
0 0.575521 0.295370 0.046875 0.083333
0 0.518229 0.269444 0.048958 0.087037
0 0.283854 0.218519 0.048958 0.087037
0 0.598437 0.137037 0.050000 0.088889
0 0.467708 0.258333 0.048958 0.087037
0 0.449479 0.558333 0.047917 0.085185
0 0.094792 0.542593 0.045833 0.081481
0 0.483333 0.345370 0.044792 0.079630
0 0.452604 0.132407 0.050000 0.088889
0 0.617188 0.345370 0.050000 0.088889
0 0.403646 0.399074 0.043750 0.077778
0 0.422917 0.207407 0.051042 0.090741
0 0.197917 0.274074 0.050000 0.088889
0 0.379688 0.576852 0.050000 0.088889
0 0.498958 0.182407 0.050000 0.088889
0 0.572396 0.495370 0.050000 0.088889
0 0.483333 0.048148 0.048958 0.087037
0 0.500521 0.581481 0.051042 0.090741
0 0.579688 0.407407 0.045833 0.081481
0 0.248438 0.285185 0.048958 0.087037
0 0.205208 0.600926 0.046875 0.083333
0 0.432292 0.326852 0.043750 0.077778
0 0.327604 0.432407 0.051042 0.090741
0 0.367708 0.015741 0.047917 0.085185
0 0.218229 0.024074 0.048958 0.087037
0 0.410417 0.074074 0.050000 0.088889
0 0.261458 0.437037 0.046875 0.083333
0 0.193229 0.445370 0.048958 0.087037
0 0.369792 0.485185 0.046875 0.083333
0 0.556771 0.199074 0.044792 0.079630
0 0.322917 0.541667 0.045833 0.081481
0 0.613542 0.548148 0.050000 0.088889
0 0.486979 0.490741 0.048958 0.087037
0 0.143229 0.547222 0.051042 0.090741
0 0.280729 0.651852 0.045833 0.081481
0 0.419271 0.628704 0.044792 0.079630
0 0.615104 0.229630 0.045833 0.081481
0 0.344792 0.654630 0.048958 0.087037
0 0.592187 0.626852 0.048958 0.087037
0 0.163542 0.651852 0.045833 0.081481
0 0.572917 0.051852 0.046875 0.083333
0 0.533333 0.358333 0.044792 0.079630
0 0.543229 0.665741 0.045833 0.081481